0.219007 -0.975723 0
0.968707 0.217432 -0.119712
0.116806 0.0262178 0.992809
0.219007 -0.975723 0
0.971774 0.21812 -0.0898787
0.0876965 0.0196839 0.995953
0.305817 -0.95209 0
0.948237 0.304579 -0.0898786
0.0855724 0.0274863 0.995953
0.0886971 -0.995882 -0.0187361
0.974001 0.0906542 -0.207616
0.20846 0.000165978 0.978031
0.305817 -0.95209 0
0.948237 0.304579 -0.0898786
0.0855724 0.0274863 0.995953
0.219007 -0.975723 0
0.971774 0.21812 -0.0898787
0.0876965 0.0196839 0.995953
0.219007 -0.975723 0
0.968707 0.217432 -0.119712
0.116806 0.0262178 0.992809
0.880616 -0.106184 -0.461779
0.119712 0.992809 0
0.458458 -0.0552806 0.886995
0.953086 0.296707 -0.059937
-0.293271 0.95415 0.0599101
0.0749647 -0.0395217 0.996403
0.789387 0.613729 -0.0143311
-0.608095 0.784917 0.118851
0.0841911 -0.085105 0.992809
0.54869 0.836026 0
-0.826638 0.542529 0.149438
0.124934 -0.0819952 0.988771
0.523366 0.852108 0
-0.852108 0.523366 0
0 -0 1
0.390152 0.920751 0
-0.917024 0.388573 0.0898785
0.0827557 -0.0350662 0.995953
0.248175 0.968715 0
-0.968715 0.248175 0
0 -0 1