-0.168397 -0.985719 0
-0.983945 0.168094 -0.059964
0.0591077 -0.0100978 -0.998201
0.248175 -0.968715 0
-0.968279 -0.248064 -0.0299955
0.0290571 0.00744415 -0.99955
0.390152 -0.920751 0
-0.917024 -0.388573 -0.0898786
0.0827557 0.0350663 -0.995953
0.417595 -0.908634 0
-0.904956 -0.415904 -0.0898786
0.0816667 0.0375328 -0.995953
0.597834 -0.80162 0
-0.788669 -0.588175 -0.17903
0.143514 0.10703 -0.983844
0.881068 -0.380456 0.28102
-0.335773 -0.921557 -0.194907
0.333129 0.0773671 -0.939702
0.808534 -0.272266 0.521674
-0.234555 -0.962167 -0.138632
0.539682 -0.0102728 -0.841806
0.840386 0.0504838 0.539632
0.059964 -0.998201 0
0.538661 0.0323585 -0.841901
0.831743 0.502305 0.236417
0.498632 -0.863147 0.0796434
0.244068 0.0516424 -0.968382
0.620736 0.783729 0.0213644
0.779755 -0.619968 0.0873025
0.0816667 -0.0375328 -0.995953
0.523366 0.852108 0
0.852108 -0.523366 0
0 0 -1
0.305817 0.952091 0
0.95209 -0.305817 0
0 0 -1
0.3057 0.952124 0.00269595
0.951675 -0.305641 0.0299551
0.029345 -0.00659161 -0.999548
0.000796375 1 0
1 -0.000796375 0
0 0 -1